-1.7067e+00 5.4614e+00 0.0000e+00
1.3468e+00 -2.5691e-02 1.0000e+00
3.1741e+00 4.3928e+00 0.0000e+00
3.7719e+00 1.9566e+00 0.0000e+00
1.4730e+00 3.4189e+00 0.0000e+00
-1.2061e+00 -2.2832e-01 1.0000e+00
4.6620e-01 6.0203e+00 0.0000e+00
-4.7431e-01 -1.2281e+00 1.0000e+00
-3.7713e-01 1.7767e+00 1.0000e+00
8.6574e-01 3.8882e-01 1.0000e+00
1.4725e+00 7.7364e-01 1.0000e+00
1.9842e+00 2.3585e-01 1.0000e+00
5.0322e+00 -8.6253e-02 0.0000e+00
6.4463e-01 -1.1307e+00 1.0000e+00
5.2681e-01 -1.3654e+00 1.0000e+00
9.2646e-01 -5.4666e+00 0.0000e+00
4.9681e-01 2.1090e+00 1.0000e+00
7.1935e-01 -2.3764e-01 1.0000e+00
8.0303e-01 7.3992e-01 1.0000e+00
1.5932e-01 2.2795e+00 1.0000e+00
7.8063e-01 -7.6109e-01 1.0000e+00
2.1105e+00 -5.8932e+00 0.0000e+00
-2.8897e+00 3.9552e+00 0.0000e+00
-7.0864e-01 1.7372e+00 1.0000e+00
-4.9039e+00 3.3241e+00 0.0000e+00
5.3783e-02 1.2505e-01 1.0000e+00
4.5172e+00 1.9505e+00 0.0000e+00
5.6581e+00 1.0906e+00 0.0000e+00
4.0814e+00 -3.2951e+00 0.0000e+00
5.8995e+00 1.5636e-01 0.0000e+00
-4.0848e-01 5.1901e-01 1.0000e+00
1.2457e+00 -4.6241e+00 0.0000e+00
-1.3373e+00 -4.5483e-01 1.0000e+00
-8.0120e-01 -5.8655e-01 1.0000e+00
3.3167e-01 1.0441e+00 1.0000e+00
7.6836e-01 -5.6014e+00 0.0000e+00
-2.0734e+00 2.2670e-01 1.0000e+00
-2.6794e+00 -3.3747e+00 0.0000e+00
-2.8813e+00 5.2416e+00 0.0000e+00
-2.6559e+00 -4.6908e+00 0.0000e+00
2.9590e+00 -3.6940e+00 0.0000e+00
-1.8573e+00 3.4628e+00 0.0000e+00
4.9792e+00 1.9321e+00 0.0000e+00
3.1326e+00 -4.3071e+00 0.0000e+00
-6.1351e-01 9.9405e-01 1.0000e+00
-5.6906e-01 -5.9792e-01 1.0000e+00
6.5650e+00 -1.4697e+00 0.0000e+00
4.7416e-02 5.3558e-01 1.0000e+00
2.3347e-01 4.6899e-01 1.0000e+00
-9.2213e-01 -2.1054e+00 1.0000e+00
-4.8649e+00 1.9765e+00 0.0000e+00
-4.5474e+00 2.9796e+00 0.0000e+00
3.7189e+00 1.2603e+00 0.0000e+00
1.5066e+00 3.1468e+00 0.0000e+00
-2.3039e+00 1.0841e+00 1.0000e+00
1.3187e-01 1.1588e+00 1.0000e+00
-1.9568e-02 -2.0880e-01 1.0000e+00
2.7238e+00 3.7285e+00 0.0000e+00
1.1073e+00 -5.2100e+00 0.0000e+00
2.9888e-01 -5.5275e-01 1.0000e+00
6.6467e-01 -3.7047e-02 1.0000e+00
-6.9574e-02 -4.4144e+00 0.0000e+00
1.5116e+00 -1.9278e+00 1.0000e+00
-1.0012e+00 2.7802e-01 1.0000e+00
3.5458e+00 1.7557e+00 0.0000e+00
-2.1421e+00 -4.5782e+00 0.0000e+00
-1.5518e-01 4.3490e-02 1.0000e+00
2.4255e+00 -3.8297e+00 0.0000e+00
-1.0081e+00 -1.2321e+00 1.0000e+00
-3.2861e+00 2.7237e+00 0.0000e+00
1.9412e+00 3.4946e+00 0.0000e+00
-1.6329e+00 -4.9714e+00 0.0000e+00
-8.8801e-01 -1.9891e+00 1.0000e+00
2.2857e+00 3.4684e+00 0.0000e+00
-4.4160e+00 2.0018e+00 0.0000e+00
3.2412e-01 -1.4468e+00 1.0000e+00
6.0968e+00 2.8560e-01 0.0000e+00
4.5915e+00 -1.4593e+00 0.0000e+00
-1.0531e+00 -1.6573e+00 1.0000e+00
-1.6382e+00 4.6011e+00 0.0000e+00
4.6779e-01 -5.5346e+00 0.0000e+00
8.5175e-01 1.6183e+00 1.0000e+00
-4.7546e+00 -1.0427e+00 0.0000e+00
-9.5409e-01 -4.2706e-03 1.0000e+00
6.9411e-01 -1.5553e+00 1.0000e+00
-6.3251e-01 -1.1176e+00 1.0000e+00
1.8882e+00 -1.2772e+00 1.0000e+00
5.6331e-01 7.5344e-01 1.0000e+00
-2.1838e+00 -1.0719e+00 1.0000e+00
2.2452e-02 -1.2634e+00 1.0000e+00
9.2827e-01 6.1840e-01 1.0000e+00
1.5406e+00 6.9048e-01 1.0000e+00
-8.0264e-01 -1.8914e+00 1.0000e+00
-2.2823e+00 3.0885e+00 0.0000e+00
-1.0198e-02 -7.4737e-01 1.0000e+00
1.8875e+00 6.5791e+00 0.0000e+00
5.6674e+00 6.5739e-01 0.0000e+00
6.0905e+00 1.1288e+00 0.0000e+00
9.5608e-02 1.1983e+00 1.0000e+00
-3.9554e+00 3.4104e+00 0.0000e+00
-3.2403e+00 3.0999e+00 0.0000e+00
-2.5347e-01 1.4877e+00 1.0000e+00
2.5367e+00 -3.8331e+00 0.0000e+00
4.3574e+00 1.1046e-02 0.0000e+00
7.0535e-01 4.9250e+00 0.0000e+00
9.1658e-01 1.0556e+00 1.0000e+00
-1.5534e+00 3.3789e-01 1.0000e+00
8.3852e-01 -4.2831e+00 0.0000e+00
-9.1544e-02 -8.8746e-01 1.0000e+00
-5.1491e-01 4.0591e-01 1.0000e+00
-2.4325e+00 -4.3938e+00 0.0000e+00
-4.1118e+00 3.2733e+00 0.0000e+00
-6.0198e-01 3.0960e-01 1.0000e+00
-1.1385e+00 -1.6360e+00 1.0000e+00
1.3031e+00 -5.3395e+00 0.0000e+00
-2.6230e-01 2.8606e-03 1.0000e+00
-1.5631e-01 -1.8181e-01 1.0000e+00
3.2505e+00 2.0604e+00 0.0000e+00
4.1348e+00 2.3688e+00 0.0000e+00
3.1831e+00 4.4776e+00 0.0000e+00
-7.1292e-02 7.8959e-01 1.0000e+00
-2.2286e+00 4.4229e+00 0.0000e+00
2.9293e+00 5.1776e+00 0.0000e+00
5.2665e+00 -1.4778e+00 0.0000e+00
5.2058e+00 -2.2990e+00 0.0000e+00
-3.7440e+00 -3.4661e+00 0.0000e+00
-3.7225e-01 -1.3289e+00 1.0000e+00
7.8933e-01 -1.0577e+00 1.0000e+00
1.4392e+00 7.8216e-01 1.0000e+00
5.9797e-01 9.1193e-01 1.0000e+00
4.8430e-01 -1.0616e+00 1.0000e+00
-6.0138e-02 -4.8167e+00 0.0000e+00
-2.5023e-01 -1.4649e+00 1.0000e+00
-4.6392e+00 -1.2482e+00 0.0000e+00
1.3492e+00 -7.2122e-01 1.0000e+00
-5.1099e+00 -2.0811e-01 0.0000e+00
-2.1212e+00 -6.5968e-01 1.0000e+00
-1.4129e+00 -4.7626e+00 0.0000e+00
3.2682e+00 1.4164e+00 0.0000e+00
-1.8665e+00 4.2100e+00 0.0000e+00
-3.6225e+00 4.0969e+00 0.0000e+00
5.1102e-02 -5.2599e+00 0.0000e+00
-3.7674e+00 3.7419e+00 0.0000e+00
-1.2108e-01 -2.0829e-01 1.0000e+00
-1.3690e+00 6.5533e-01 1.0000e+00
1.9104e+00 4.6671e+00 0.0000e+00
2.2700e-01 7.1176e+00 0.0000e+00
-8.6709e-01 1.2618e+00 1.0000e+00
-1.1786e+00 4.5812e-01 1.0000e+00
-9.7261e-02 -2.1152e+00 1.0000e+00
-9.3916e-02 1.3399e+00 1.0000e+00
-1.7856e+00 4.2395e-01 1.0000e+00
-1.2142e-01 -9.6190e-02 1.0000e+00
2.1455e+00 -4.7013e+00 0.0000e+00
-4.4244e+00 -8.6087e-01 0.0000e+00
9.7404e-02 -2.2282e+00 1.0000e+00
-2.3671e+00 -4.0582e+00 0.0000e+00
-4.7195e+00 -2.8426e+00 0.0000e+00
-5.1332e-01 -1.9086e-01 1.0000e+00
-9.2634e-01 6.0665e+00 0.0000e+00
-1.3829e+00 -1.2941e-01 1.0000e+00
-5.5455e+00 5.1371e-01 0.0000e+00
-2.8569e-01 -1.1061e+00 1.0000e+00
8.0117e-01 4.4119e-01 1.0000e+00
-9.3446e-01 -5.0755e+00 0.0000e+00
2.7254e+00 3.0312e+00 0.0000e+00
1.6953e+00 -4.9390e+00 0.0000e+00
6.3254e-01 -7.1247e-01 1.0000e+00
-1.3614e+00 3.4712e+00 0.0000e+00
9.8423e-01 9.7550e-01 1.0000e+00
2.9942e-02 -8.6011e-01 1.0000e+00
4.7236e+00 -2.8469e+00 0.0000e+00
-2.2350e+00 4.5285e+00 0.0000e+00
-1.0275e+00 -4.6301e+00 0.0000e+00
8.7261e-01 7.6574e-01 1.0000e+00
-2.7203e-01 -4.9080e+00 0.0000e+00
5.2516e+00 -2.4298e+00 0.0000e+00
2.6138e+00 4.6197e+00 0.0000e+00
2.2935e+00 4.3137e+00 0.0000e+00
4.2142e-01 -4.6953e+00 0.0000e+00
1.5363e+00 -9.6232e-01 1.0000e+00
-3.0064e-01 -7.3081e-01 1.0000e+00
-9.2953e-01 1.0467e+00 1.0000e+00
-4.9212e+00 4.4061e-01 0.0000e+00
-2.4721e+00 4.3170e+00 0.0000e+00
-4.6340e+00 -2.9105e+00 0.0000e+00
-3.6957e-01 9.1455e-01 1.0000e+00
-5.0166e+00 2.0614e+00 0.0000e+00
-8.1386e-01 -5.1393e-01 1.0000e+00
-3.1152e+00 -5.5850e-01 0.0000e+00
6.3603e-01 1.1328e+00 1.0000e+00
-3.5266e+00 3.7673e+00 0.0000e+00
-1.6868e+00 -5.6963e+00 0.0000e+00
-2.7908e-01 -7.8297e-01 1.0000e+00
9.1614e-01 -1.0027e+00 1.0000e+00
2.1521e+00 5.6031e+00 0.0000e+00
-2.6862e+00 2.8956e+00 0.0000e+00
5.1057e+00 2.1246e+00 0.0000e+00
2.5637e+00 -4.0982e+00 0.0000e+00
-2.5527e-01 -9.9057e-01 1.0000e+00
1.0376e+00 5.6070e+00 0.0000e+00
5.1854e+00 2.0998e+00 0.0000e+00
1.8137e+00 4.7072e+00 0.0000e+00
9.3538e-01 1.1486e+00 1.0000e+00
8.8528e-02 -1.4078e+00 1.0000e+00
7.7471e-01 3.7688e-01 1.0000e+00
1.4231e+00 6.8137e+00 0.0000e+00
3.2612e+00 -3.8509e+00 0.0000e+00
-1.6867e+00 4.3576e+00 0.0000e+00
-1.0144e+00 9.0894e-01 1.0000e+00
-5.3532e+00 -1.0519e+00 0.0000e+00
3.6809e-01 8.7452e-01 1.0000e+00
7.3985e-01 5.2722e-01 1.0000e+00
-2.5308e+00 4.1547e+00 0.0000e+00
8.5439e-02 -1.2965e-01 1.0000e+00
1.8159e+00 -5.3808e-01 1.0000e+00
-2.2424e+00 4.1780e+00 0.0000e+00
4.0447e-01 1.9301e-01 1.0000e+00
2.1452e+00 -1.9165e-01 1.0000e+00
6.4092e-01 4.2393e+00 0.0000e+00
-4.8153e+00 9.8263e-01 0.0000e+00
-4.7696e+00 5.2252e-01 0.0000e+00
2.1125e-01 1.6033e+00 1.0000e+00
-4.3678e+00 2.6582e-02 0.0000e+00
9.7215e-01 1.1840e+00 1.0000e+00
-4.9073e-01 5.3790e-01 1.0000e+00
4.5981e-01 1.3695e+00 1.0000e+00
2.0684e+00 -2.3615e+00 1.0000e+00
3.8861e+00 -1.6255e-01 0.0000e+00
-8.7698e-01 -1.5955e+00 1.0000e+00
4.9309e-01 -6.6728e-01 1.0000e+00
-4.3639e-01 1.1656e+00 1.0000e+00
-3.2041e+00 3.5397e+00 0.0000e+00
-7.6086e-01 7.6674e-01 1.0000e+00
-8.0025e-01 -3.8703e-01 1.0000e+00
-8.7309e-01 5.8412e-01 1.0000e+00
-4.0910e-01 1.2759e+00 1.0000e+00
6.6210e-01 5.1288e+00 0.0000e+00
-2.4366e-01 1.5374e+00 1.0000e+00
3.9216e+00 -3.3304e+00 0.0000e+00
1.2219e+00 -7.1541e-01 1.0000e+00
2.3299e-01 -3.6088e-01 1.0000e+00
-2.2073e-01 -1.3971e+00 1.0000e+00
3.4941e+00 -3.5114e+00 0.0000e+00
1.5103e-01 4.4788e-01 1.0000e+00
-5.2611e-02 -8.9850e-01 1.0000e+00
3.8139e+00 4.4633e-01 0.0000e+00
-5.5384e-01 -4.3141e-01 1.0000e+00
3.4722e+00 -1.1591e+00 0.0000e+00
-2.5956e+00 -4.1615e+00 0.0000e+00
9.6860e-01 -1.0762e+00 1.0000e+00
-3.9467e+00 2.8019e-01 0.0000e+00
-9.9199e-01 1.3583e+00 1.0000e+00
-1.1711e+00 -1.2119e+00 1.0000e+00
-2.3275e+00 2.7852e-01 1.0000e+00
-2.4794e+00 4.7188e+00 0.0000e+00
-3.7213e+00 2.2723e+00 0.0000e+00
2.1812e+00 1.4847e+00 1.0000e+00
5.3229e-01 -1.3493e+00 1.0000e+00
2.5308e+00 4.8035e+00 0.0000e+00
-1.3767e+00 -1.4984e+00 1.0000e+00
6.8530e-01 1.0421e+00 1.0000e+00
-2.5684e+00 -3.3705e+00 0.0000e+00
3.4484e+00 5.2227e+00 0.0000e+00
4.5167e+00 -1.2840e+00 0.0000e+00
-2.1479e+00 4.7428e-01 1.0000e+00
-1.8230e+00 -1.5715e-01 1.0000e+00
-5.9366e-01 -1.1840e+00 1.0000e+00
3.4331e+00 2.6622e+00 0.0000e+00
-4.8440e+00 -1.9258e+00 0.0000e+00
-3.3118e+00 4.9660e+00 0.0000e+00
1.7423e+00 6.6653e+00 0.0000e+00
3.0599e+00 3.2624e+00 0.0000e+00
1.9766e+00 5.1474e+00 0.0000e+00
1.3436e-01 -1.8619e+00 1.0000e+00
3.8747e-01 -1.5332e+00 1.0000e+00
4.5396e+00 -1.9105e+00 0.0000e+00
9.0966e-01 -8.2241e-01 1.0000e+00
-2.0921e+00 -4.6432e+00 0.0000e+00
2.6531e-02 -6.9934e-01 1.0000e+00
-3.9695e-01 5.9404e-01 1.0000e+00
5.0765e-01 -1.0272e+00 1.0000e+00
-1.1153e+00 -4.8562e+00 0.0000e+00
-4.7741e-01 -3.5943e-01 1.0000e+00
2.1920e+00 -1.0171e+00 1.0000e+00
-1.2183e+00 -3.6952e+00 0.0000e+00
-2.2212e+00 -1.5379e-01 1.0000e+00
-5.5673e+00 1.1463e+00 0.0000e+00
1.9101e+00 -3.9049e+00 0.0000e+00
1.4347e+00 3.4749e-01 1.0000e+00
7.7095e-02 -7.1967e-01 1.0000e+00
-1.0305e+00 -1.4451e-01 1.0000e+00
-1.0020e-01 5.4159e-01 1.0000e+00
9.2566e-01 4.3987e+00 0.0000e+00
-2.0904e+00 2.9813e+00 0.0000e+00
6.0857e+00 -2.1997e+00 0.0000e+00
1.3018e+00 3.3599e+00 0.0000e+00
-4.7049e+00 -2.8733e+00 0.0000e+00
5.4356e+00 -1.4490e-01 0.0000e+00
-6.0919e+00 -3.2457e+00 0.0000e+00
1.4544e-01 1.4856e+00 1.0000e+00
6.0774e+00 -1.7620e+00 0.0000e+00
-1.7294e+00 -4.9610e+00 0.0000e+00
-4.9807e+00 6.3121e-01 0.0000e+00
1.1073e+00 -1.2858e+00 1.0000e+00
-2.8461e-01 1.1251e+00 1.0000e+00
-5.1285e+00 -1.2783e+00 0.0000e+00
-1.3564e+00 -3.5830e+00 0.0000e+00
-5.7452e-02 -4.6921e+00 0.0000e+00
1.4502e+00 -1.9233e+00 1.0000e+00
-1.7989e+00 1.6789e+00 1.0000e+00
-2.2086e+00 4.1075e+00 0.0000e+00
-4.3144e+00 -2.5917e+00 0.0000e+00
3.6855e+00 -4.2468e+00 0.0000e+00
3.7972e-01 1.5813e-01 1.0000e+00
-1.0787e+00 4.0450e+00 0.0000e+00
-4.3515e-02 -2.9951e-01 1.0000e+00
8.2246e-02 -1.5607e+00 1.0000e+00
9.5603e-01 6.0048e-02 1.0000e+00
3.3806e+00 -2.3898e+00 0.0000e+00
8.4368e-02 3.3165e-01 1.0000e+00
1.1269e+00 -4.4242e+00 0.0000e+00
-4.9562e+00 -5.8582e-01 0.0000e+00
-1.1297e+00 9.7190e-02 1.0000e+00
-9.9241e-01 6.1813e-02 1.0000e+00
-1.1109e+00 5.7713e-01 1.0000e+00
1.6640e+00 -5.8559e+00 0.0000e+00
-1.2778e+00 -9.8040e-01 1.0000e+00
-3.5382e+00 -3.2342e+00 0.0000e+00
-7.2804e-01 5.2071e-01 1.0000e+00
-6.2699e-01 5.4246e+00 0.0000e+00
2.1491e+00 -1.8034e+00 0.0000e+00
5.9561e-01 4.6868e-01 1.0000e+00
5.1302e+00 -3.1471e-01 0.0000e+00
1.0391e+00 -6.7375e-01 1.0000e+00
-2.4803e-02 -7.8776e-01 1.0000e+00
-9.5066e-03 4.0860e+00 0.0000e+00
-2.3145e+00 4.9132e+00 0.0000e+00
-3.1521e+00 -2.9436e+00 0.0000e+00
8.7959e-01 9.6819e-01 1.0000e+00
-1.4125e-01 3.5835e-01 1.0000e+00
1.4526e+00 -3.6895e-01 1.0000e+00
-5.2300e+00 9.0288e-01 0.0000e+00
1.4978e+00 1.1274e+00 1.0000e+00
1.7963e+00 -3.2805e+00 0.0000e+00
-4.4367e+00 -1.7099e+00 0.0000e+00
1.0034e+00 -5.3930e-01 1.0000e+00
3.6807e+00 -1.1059e+00 0.0000e+00
-1.5602e+00 -7.0768e-01 1.0000e+00
4.2445e+00 2.9112e+00 0.0000e+00
-4.8850e+00 -3.4754e+00 0.0000e+00
-8.0360e-01 6.1130e-01 1.0000e+00
-3.6282e+00 4.2965e+00 0.0000e+00
-1.5755e+00 -4.0199e+00 0.0000e+00
1.7830e-01 4.1339e-01 1.0000e+00
2.4656e+00 -3.4044e-01 1.0000e+00
-4.4729e+00 5.9609e-01 0.0000e+00
-4.2935e+00 -8.8340e-01 0.0000e+00
2.1445e+00 -1.2289e-01 1.0000e+00
1.9409e-01 5.5049e-01 1.0000e+00
-3.0183e-01 -1.0932e+00 1.0000e+00
3.8058e+00 1.9309e+00 0.0000e+00
-1.6048e+00 -3.4718e+00 0.0000e+00
-3.5709e+00 2.0955e+00 0.0000e+00
1.2556e-01 -7.2347e-01 1.0000e+00
-2.0501e+00 4.2629e+00 0.0000e+00
-1.2336e+00 -5.5485e+00 0.0000e+00
4.9768e+00 -2.5700e+00 0.0000e+00
-2.5369e+00 -4.0613e+00 0.0000e+00
-4.7794e-01 -2.4313e-01 1.0000e+00
4.4523e-01 9.1478e-01 1.0000e+00
1.6862e+00 1.9075e-02 1.0000e+00
-5.1747e-02 2.3449e+00 1.0000e+00
3.9772e+00 4.2678e+00 0.0000e+00
4.7936e+00 -2.7269e+00 0.0000e+00
-3.3045e+00 5.0002e+00 0.0000e+00
9.5010e-01 4.7977e+00 0.0000e+00
1.4921e+00 1.4182e+00 1.0000e+00
-5.1059e+00 3.7341e-01 0.0000e+00
-1.4037e+00 1.2025e+00 1.0000e+00
-4.6987e+00 1.7907e+00 0.0000e+00
-1.1975e+00 1.5143e+00 1.0000e+00
-4.9071e+00 -4.9031e-01 0.0000e+00
-1.7797e+00 -1.4063e+00 1.0000e+00
8.9276e-01 -5.9528e+00 0.0000e+00
5.4773e+00 -6.6637e-01 0.0000e+00
-1.5283e+00 -6.5573e-01 1.0000e+00
1.7284e+00 8.9945e-01 1.0000e+00
-4.7322e-01 4.5226e+00 0.0000e+00
4.1378e+00 -3.9764e+00 0.0000e+00
-4.8410e+00 -4.0886e+00 0.0000e+00
9.5333e-01 -5.2432e+00 0.0000e+00
-1.2618e+00 3.9797e+00 0.0000e+00
-5.0296e+00 -7.0874e-01 0.0000e+00
5.3407e+00 -3.8080e-01 0.0000e+00
5.4654e+00 -4.9944e-02 0.0000e+00
-2.2429e+00 3.9291e+00 0.0000e+00
-1.2368e+00 9.0604e-01 1.0000e+00
2.1937e+00 5.4168e+00 0.0000e+00
-9.1302e-01 4.1741e+00 0.0000e+00
1.2029e+00 1.1862e+00 1.0000e+00
3.9948e+00 4.6983e+00 0.0000e+00
-9.8670e-02 -1.6931e+00 1.0000e+00
1.2922e+00 -5.7267e-02 1.0000e+00
-4.8937e+00 -2.4321e+00 0.0000e+00
-1.2484e+00 -5.8125e+00 0.0000e+00
-4.0250e+00 2.7236e+00 0.0000e+00
5.1924e+00 -9.9397e-01 0.0000e+00
5.7472e+00 2.1263e+00 0.0000e+00
4.5732e+00 -3.2845e+00 0.0000e+00
5.4028e-01 8.1269e-01 1.0000e+00
1.5448e-01 -1.2809e+00 1.0000e+00
-9.2378e-01 8.8223e-01 1.0000e+00
-3.7360e+00 3.7465e+00 0.0000e+00
1.1260e+00 -3.5638e+00 0.0000e+00
-7.9793e-01 4.6895e+00 0.0000e+00
-4.2831e+00 -1.1894e+00 0.0000e+00
-9.3098e-02 3.8619e-01 1.0000e+00
4.6007e-01 -1.8945e+00 1.0000e+00
4.6725e+00 2.8652e+00 0.0000e+00
-5.5348e+00 -3.4272e+00 0.0000e+00
-3.0172e-01 2.1498e-01 1.0000e+00
8.7437e-01 1.8151e+00 1.0000e+00
-5.7151e+00 -1.5901e+00 0.0000e+00
3.9404e-02 -1.1728e+00 1.0000e+00
-1.0035e+00 3.3747e-01 1.0000e+00
1.1497e+00 -2.2733e+00 1.0000e+00
-6.5515e-01 -2.8433e-01 1.0000e+00
-3.4267e+00 3.5037e+00 0.0000e+00
6.3548e-01 6.0293e-01 1.0000e+00
-6.2857e-01 1.3373e-01 1.0000e+00
4.5781e+00 -3.0456e-01 0.0000e+00
-2.0195e+00 3.6575e+00 0.0000e+00
-1.7515e+00 5.2353e+00 0.0000e+00
-2.0851e+00 -5.2271e+00 0.0000e+00
7.2613e-01 1.8983e+00 1.0000e+00
1.1406e+00 1.3966e+00 1.0000e+00
-1.6742e+00 4.6890e+00 0.0000e+00
3.9442e+00 2.7075e+00 0.0000e+00
4.3910e+00 1.9488e+00 0.0000e+00
-5.6238e+00 -1.5580e+00 0.0000e+00
9.9035e-01 -7.6742e-01 1.0000e+00
1.9282e+00 1.4780e+00 1.0000e+00
2.0060e-01 -1.5443e+00 1.0000e+00
4.7770e-01 -5.4551e-01 1.0000e+00
2.8264e+00 5.3895e+00 0.0000e+00
3.5349e+00 2.0921e+00 0.0000e+00
1.0572e+00 -4.8498e-01 1.0000e+00
1.0365e+00 -6.5017e-01 1.0000e+00
6.9584e-01 2.7489e-01 1.0000e+00
-4.9972e+00 -3.5466e-01 0.0000e+00
2.4029e+00 4.8927e+00 0.0000e+00
-4.6650e-01 2.0079e+00 1.0000e+00
-3.5488e+00 -4.2579e+00 0.0000e+00
-4.8141e+00 1.5125e+00 0.0000e+00
-2.7575e+00 -4.2929e+00 0.0000e+00
5.1665e-01 -5.7641e-01 1.0000e+00
1.9026e+00 -4.6768e+00 0.0000e+00
-2.0595e+00 5.1675e+00 0.0000e+00
-3.9549e+00 3.3511e+00 0.0000e+00
-1.3963e+00 -1.0521e+00 1.0000e+00
1.9022e+00 -5.5353e+00 0.0000e+00
-4.4454e+00 -2.5584e+00 0.0000e+00
-4.7746e+00 4.9675e+00 0.0000e+00
-9.8954e-01 -9.1616e-01 1.0000e+00
1.1793e+00 3.7050e-01 1.0000e+00
-4.4447e+00 -1.6621e+00 0.0000e+00
-7.1166e-01 1.8671e+00 1.0000e+00
-1.0924e+00 1.2071e+00 1.0000e+00
-8.4368e-01 6.1812e-01 1.0000e+00
-4.0533e+00 -2.8672e+00 0.0000e+00
2.5114e+00 -5.7256e+00 0.0000e+00
-3.6404e+00 2.8629e+00 0.0000e+00
1.1382e+00 7.9558e-01 1.0000e+00
3.2473e-01 -1.4435e-01 1.0000e+00
8.2714e-01 -5.9134e-01 1.0000e+00
-5.5776e-01 9.3052e-01 1.0000e+00
5.2554e+00 -9.3178e-01 0.0000e+00
4.4968e-02 -2.1178e-01 1.0000e+00
1.1261e+00 -1.0110e-01 1.0000e+00
-6.5128e-01 -1.2000e+00 1.0000e+00
-8.0476e-01 -1.0625e+00 1.0000e+00
2.6495e+00 -3.6684e+00 0.0000e+00
5.8750e-01 -1.5436e-01 1.0000e+00
5.2848e-01 9.2863e-01 1.0000e+00
-5.4918e+00 -1.1850e+00 0.0000e+00
-6.5986e-01 -1.2517e+00 1.0000e+00
1.3959e+00 -3.1593e+00 0.0000e+00
-1.1522e+00 -2.0989e+00 1.0000e+00
2.9314e-01 -6.4701e+00 0.0000e+00
-4.6532e+00 1.7501e+00 0.0000e+00
5.1195e+00 -2.1530e+00 0.0000e+00
3.2786e+00 2.4283e+00 0.0000e+00
3.6739e+00 9.7301e-02 0.0000e+00
3.3666e-01 -2.4434e-01 1.0000e+00
9.6880e-01 7.9233e-01 1.0000e+00
-8.5738e-01 4.5564e-01 1.0000e+00
-3.4121e-01 -1.2085e+00 1.0000e+00
3.0302e+00 4.2415e+00 0.0000e+00
-1.4148e+00 -4.5776e+00 0.0000e+00
2.3758e+00 4.6227e+00 0.0000e+00
3.3023e-02 8.5603e-01 1.0000e+00
3.0597e+00 3.9810e+00 0.0000e+00
4.2259e+00 -2.1732e+00 0.0000e+00
1.3955e+00 -6.2739e-01 1.0000e+00
4.1633e+00 1.5788e+00 0.0000e+00
-3.2109e+00 -2.5551e+00 0.0000e+00
7.2803e-01 8.9770e-01 1.0000e+00
-4.4744e-01 6.8464e-01 1.0000e+00
1.1088e+00 1.7055e-01 1.0000e+00
2.3922e-01 2.0706e-01 1.0000e+00
5.0683e-01 5.0946e-01 1.0000e+00
-5.9204e+00 -1.3357e+00 0.0000e+00
6.0983e-01 4.8691e+00 0.0000e+00
4.9457e+00 1.2387e-01 0.0000e+00
2.2911e+00 -4.5820e+00 0.0000e+00
7.5123e-01 8.0913e-01 1.0000e+00
-3.1293e+00 2.8647e+00 0.0000e+00
-6.8726e-01 1.9148e+00 1.0000e+00
-3.5998e+00 -4.6937e+00 0.0000e+00
-4.8582e+00 1.0489e+00 0.0000e+00
-2.3855e+00 -2.1546e+00 0.0000e+00
-2.4019e+00 -1.9566e+00 1.0000e+00
8.4844e-01 2.2890e+00 1.0000e+00
-9.2320e-01 1.1193e+00 1.0000e+00
5.2591e-01 -1.4851e+00 1.0000e+00
-1.0075e-01 -6.1181e-01 1.0000e+00
2.1462e+00 -6.1221e+00 0.0000e+00
2.7420e+00 -2.7259e+00 0.0000e+00
3.3815e+00 3.1339e+00 0.0000e+00
3.0684e-01 8.8824e-01 1.0000e+00
-5.4043e+00 -7.9033e-01 0.0000e+00
-1.1012e+00 -1.0943e+00 1.0000e+00
-6.1190e-01 4.0756e-01 1.0000e+00
-3.4629e+00 1.8656e+00 0.0000e+00
-2.3875e-01 -1.2198e+00 1.0000e+00
-4.7750e+00 -2.3062e-02 0.0000e+00
1.6257e+00 -4.5123e+00 0.0000e+00
-4.0122e+00 -2.1353e+00 0.0000e+00
-3.8809e-01 -1.3401e-01 1.0000e+00
5.1219e-01 2.6887e-01 1.0000e+00
4.3401e-01 1.9706e+00 1.0000e+00
4.2448e+00 -1.1553e+00 0.0000e+00
-5.4191e-01 -1.9560e+00 1.0000e+00
1.5604e+00 3.5619e+00 0.0000e+00
9.0038e-01 4.3695e-01 1.0000e+00
-2.6472e+00 3.5261e+00 0.0000e+00
7.5997e-01 -1.3634e-01 1.0000e+00
6.5452e-01 -1.1769e+00 1.0000e+00
-1.5154e+00 1.6010e+00 1.0000e+00
-2.8004e+00 5.0119e+00 0.0000e+00
-8.0351e-02 6.5174e-01 1.0000e+00
3.2037e+00 4.0367e+00 0.0000e+00
1.4922e+00 1.5303e-01 1.0000e+00
-2.5744e-01 -7.7483e-01 1.0000e+00
-3.2054e-01 1.6489e+00 1.0000e+00
-1.1769e+00 -4.9431e+00 0.0000e+00
-1.5735e+00 9.4559e-01 1.0000e+00
4.8743e+00 3.1840e+00 0.0000e+00
1.0949e+00 2.2066e-01 1.0000e+00
-6.7734e-01 5.1908e+00 0.0000e+00
-2.2743e-01 8.0859e-01 1.0000e+00
6.3135e-02 1.6639e-01 1.0000e+00
3.6401e+00 -1.6812e+00 0.0000e+00
-5.0856e+00 6.2267e-01 0.0000e+00
-8.2552e-01 1.9758e-01 1.0000e+00
-1.8618e+00 6.5338e-01 1.0000e+00
-5.5598e+00 1.8689e+00 0.0000e+00
-3.7562e+00 -3.8255e+00 0.0000e+00
1.6846e+00 6.2670e+00 0.0000e+00
-1.7113e+00 5.7651e-01 1.0000e+00
4.2496e+00 -2.9591e+00 0.0000e+00
-9.3269e-01 4.9433e+00 0.0000e+00
9.9035e-01 -6.5670e-01 1.0000e+00
6.3816e-01 3.1667e-02 1.0000e+00
-3.3592e+00 -3.8383e+00 0.0000e+00
-4.7430e+00 9.3853e-02 0.0000e+00
5.1882e-01 2.7239e-01 1.0000e+00
5.6782e+00 2.1280e+00 0.0000e+00
1.4323e+00 -7.6876e-01 1.0000e+00
3.2171e+00 4.9884e+00 0.0000e+00
-1.0644e+00 3.9658e-01 1.0000e+00
-4.6592e+00 -2.2749e+00 0.0000e+00
-8.0224e-03 1.5370e+00 1.0000e+00
-4.7792e+00 2.8349e+00 0.0000e+00
-1.9797e-02 -9.7201e-01 1.0000e+00
5.4263e+00 -1.5741e+00 0.0000e+00
4.8092e-01 -1.3192e+00 1.0000e+00
2.1278e-01 7.1418e-01 1.0000e+00
2.3369e+00 2.4166e+00 0.0000e+00
-3.2449e-01 -1.8941e+00 1.0000e+00
1.5406e+00 2.0092e-01 1.0000e+00
1.3906e+00 -4.4259e+00 0.0000e+00
3.2873e+00 -5.8069e-01 1.0000e+00
3.6124e-01 -3.7610e-01 1.0000e+00
4.1006e+00 2.9950e+00 0.0000e+00
-3.4191e+00 -3.8998e+00 0.0000e+00
2.0976e-01 4.8755e-01 1.0000e+00
-6.3945e+00 5.3309e-02 0.0000e+00
-3.9518e+00 -3.5633e+00 0.0000e+00
-1.4629e+00 -1.1455e+00 1.0000e+00
-2.4954e+00 -4.5971e+00 0.0000e+00
1.8637e+00 -5.2441e-01 1.0000e+00
1.2824e+00 1.4186e+00 1.0000e+00
-1.0952e+00 3.2990e-01 1.0000e+00
-9.2312e-01 1.1967e+00 1.0000e+00
-5.4345e-01 1.4897e+00 1.0000e+00
8.6846e-01 -1.2323e+00 1.0000e+00
-5.7901e-01 1.1896e+00 1.0000e+00
-2.2836e-01 -1.2303e+00 1.0000e+00
8.0970e-01 -4.7150e+00 0.0000e+00
-2.2811e-01 7.7288e-01 1.0000e+00
1.7647e+00 5.1866e+00 0.0000e+00
3.8835e+00 -3.5729e+00 0.0000e+00
-1.8039e+00 -5.3076e+00 0.0000e+00
-8.4113e-02 -1.7404e+00 1.0000e+00
-1.4382e+00 -5.9006e+00 0.0000e+00
4.5228e-01 -1.6685e+00 1.0000e+00
7.6329e-01 -4.4014e-01 1.0000e+00
1.0470e+00 -1.6813e+00 1.0000e+00
-1.8730e+00 -5.7038e-03 1.0000e+00
-2.1544e+00 -4.9421e-01 1.0000e+00
-5.7607e-02 9.2304e-01 1.0000e+00
-5.3193e+00 1.5590e+00 0.0000e+00
1.5029e-01 -4.8425e-01 1.0000e+00
5.0572e+00 -1.0379e+00 0.0000e+00
-8.6774e-01 -4.8864e+00 0.0000e+00
5.1157e+00 3.3537e-01 0.0000e+00
-5.4685e-01 -2.0176e+00 1.0000e+00
3.1213e+00 3.6325e+00 0.0000e+00
3.2682e+00 -4.4435e+00 0.0000e+00
-9.9497e-01 1.9600e+00 1.0000e+00
2.0894e+00 -3.1430e+00 0.0000e+00
-1.2606e+00 9.2677e-01 1.0000e+00
8.1587e-01 1.0984e+00 1.0000e+00
5.3769e+00 1.1924e+00 0.0000e+00
-1.6661e+00 -4.5337e-01 1.0000e+00
4.5649e+00 1.1570e+00 0.0000e+00
6.6809e+00 -1.8328e-01 0.0000e+00
-3.5788e+00 2.7809e+00 0.0000e+00
4.0314e+00 1.3819e+00 0.0000e+00
-3.3857e-01 -2.7362e-01 1.0000e+00
1.5228e+00 1.5890e-01 1.0000e+00
-6.1795e-02 -1.9494e-01 1.0000e+00
-5.0963e+00 9.0924e-01 0.0000e+00
3.7784e+00 9.3303e-01 0.0000e+00
2.8881e+00 -4.3156e+00 0.0000e+00
-4.7709e+00 4.9773e-01 0.0000e+00
-1.2773e+00 -1.8948e+00 1.0000e+00
2.4835e-01 7.2429e-02 1.0000e+00
-1.1419e+00 -9.3051e-01 1.0000e+00
-2.0247e-02 -1.1176e+00 1.0000e+00
1.5465e-01 3.3395e-01 1.0000e+00
2.2274e-01 -6.4124e-01 1.0000e+00
-3.7533e+00 2.0195e+00 0.0000e+00
1.1022e+00 1.0100e+00 1.0000e+00
5.8453e-01 1.5243e-01 1.0000e+00
5.3574e+00 -2.6484e+00 0.0000e+00
1.4775e+00 -4.6973e-02 1.0000e+00
6.7791e-01 3.0007e-03 1.0000e+00
5.9314e+00 -2.3353e-01 0.0000e+00
1.1887e+00 1.3071e+00 1.0000e+00
-7.3429e-02 -5.0090e+00 0.0000e+00
-4.5162e-01 5.5492e+00 0.0000e+00
1.3334e+00 5.0021e+00 0.0000e+00
7.3058e-01 2.9567e-01 1.0000e+00
8.4197e-01 -1.6147e+00 1.0000e+00
-1.1517e+00 -3.9257e-01 1.0000e+00
-8.8506e-01 -4.1012e+00 0.0000e+00
4.8164e-01 2.2089e-01 1.0000e+00
-4.2086e-02 9.5065e-01 1.0000e+00
-3.5978e+00 4.8332e+00 0.0000e+00
1.4333e+00 1.5725e+00 1.0000e+00
2.2427e+00 4.4990e+00 0.0000e+00
5.0143e+00 -3.0620e+00 0.0000e+00
3.4071e-01 1.6048e+00 1.0000e+00
2.6516e-01 -1.3755e+00 1.0000e+00
-2.0402e+00 -1.0912e+00 1.0000e+00
9.3425e-01 -8.0852e-02 1.0000e+00
2.0495e+00 1.0642e-01 1.0000e+00
5.5488e-01 5.3481e-02 1.0000e+00
2.1986e+00 -8.3676e-01 1.0000e+00
-1.2537e+00 1.1741e+00 1.0000e+00
9.1823e-01 5.0809e+00 0.0000e+00
5.0943e-01 2.5029e+00 1.0000e+00
-8.5165e-01 3.3744e-01 1.0000e+00
6.1159e-01 -1.5122e+00 1.0000e+00
1.4476e+00 4.7520e+00 0.0000e+00
-1.8487e+00 3.2449e-01 1.0000e+00
-1.5415e+00 -7.7312e-01 1.0000e+00
4.7465e+00 -9.0439e-01 0.0000e+00
4.3628e+00 -3.4350e+00 0.0000e+00
4.4101e-01 -5.3038e+00 0.0000e+00
-3.8856e-01 9.9830e-01 1.0000e+00
4.0931e+00 -2.9156e+00 0.0000e+00
-2.9343e-01 5.6687e+00 0.0000e+00
-3.7944e+00 1.6832e+00 0.0000e+00
2.7191e+00 -3.6024e+00 0.0000e+00
3.0462e-01 7.8623e-01 1.0000e+00
5.2345e-02 -5.8746e-01 1.0000e+00
-5.8248e-01 -1.8062e+00 1.0000e+00
2.9169e-01 -8.4993e-01 1.0000e+00
-2.9977e+00 -5.0513e+00 0.0000e+00
-1.5836e+00 -6.3457e+00 0.0000e+00
1.0461e+00 1.8495e-01 1.0000e+00
-5.5672e+00 -9.1857e-01 0.0000e+00
4.6491e+00 3.9759e+00 0.0000e+00
2.4054e-02 -1.5463e+00 1.0000e+00
-3.1950e+00 2.7595e+00 0.0000e+00
2.7586e+00 3.8413e+00 0.0000e+00
2.0519e+00 2.2331e+00 0.0000e+00
-5.3749e+00 -3.9244e-01 0.0000e+00
-4.5983e+00 2.2554e+00 0.0000e+00
4.2158e+00 1.7585e+00 0.0000e+00
-6.5204e-01 -1.1760e+00 1.0000e+00
-5.3839e+00 -3.0415e+00 0.0000e+00
-1.2728e+00 7.3624e-01 1.0000e+00
-1.3583e-01 -7.1195e-01 1.0000e+00
-4.8189e-01 -1.2602e+00 1.0000e+00
-6.8275e-01 5.2199e+00 0.0000e+00
-1.4611e+00 -1.6293e-01 1.0000e+00
1.1578e+00 5.1177e+00 0.0000e+00
-1.9875e-01 3.9101e-01 1.0000e+00
2.0629e+00 5.5721e+00 0.0000e+00
5.7793e+00 -8.3269e-01 0.0000e+00
-1.3446e+00 -5.0231e-01 1.0000e+00
-3.6639e+00 -2.2453e+00 0.0000e+00
2.3750e+00 3.1832e+00 0.0000e+00
6.8890e-01 -1.2201e+00 1.0000e+00
-1.3658e+00 5.1321e+00 0.0000e+00
7.1040e-01 2.5075e+00 1.0000e+00
2.2132e+00 -3.8204e+00 0.0000e+00
-9.2082e-02 -3.0710e-01 1.0000e+00
1.3501e+00 -4.3089e-01 1.0000e+00
5.8709e-01 3.9788e-01 1.0000e+00
-4.3927e+00 3.4388e+00 0.0000e+00
-3.9529e-01 1.8291e+00 1.0000e+00
5.7004e-01 -1.0389e+00 1.0000e+00
-7.6751e-01 -3.1400e+00 0.0000e+00
-4.7145e+00 2.9970e+00 0.0000e+00
-1.3017e+00 -6.6893e-01 1.0000e+00
7.6436e-01 -5.0703e+00 0.0000e+00
8.2422e-01 -8.4776e-02 1.0000e+00
4.2496e+00 3.0176e+00 0.0000e+00
-5.1925e+00 1.5409e+00 0.0000e+00
-4.8757e+00 -1.6229e+00 0.0000e+00
-3.1639e+00 -5.9332e+00 0.0000e+00
-3.2476e+00 -3.1594e+00 0.0000e+00
-1.0870e+00 3.3210e-01 1.0000e+00
-1.3829e-01 6.8506e-01 1.0000e+00
5.4894e+00 -3.2015e+00 0.0000e+00
4.0311e+00 -4.1487e+00 0.0000e+00
5.7036e+00 -1.8040e+00 0.0000e+00
1.4545e-01 -4.2269e+00 0.0000e+00
-3.6323e+00 -2.1264e+00 0.0000e+00
-4.7951e+00 -2.2068e+00 0.0000e+00
-4.1721e+00 3.5392e+00 0.0000e+00
9.8488e-01 -7.0137e-01 1.0000e+00
4.9123e+00 2.7396e+00 0.0000e+00
6.9116e-01 1.4549e+00 1.0000e+00
-5.4264e+00 1.2134e+00 0.0000e+00
4.4850e-01 2.0005e-01 1.0000e+00
-3.7545e+00 -2.3215e+00 0.0000e+00
7.9865e-01 6.1372e+00 0.0000e+00
1.1480e+00 5.4087e-01 1.0000e+00
-4.2510e+00 -3.3754e+00 0.0000e+00
-2.2220e+00 3.4122e-01 1.0000e+00
-2.7764e+00 -4.6584e+00 0.0000e+00
4.9512e-01 2.9995e-01 1.0000e+00
3.8710e+00 5.3522e-01 0.0000e+00
-5.8098e-01 -9.6796e-02 1.0000e+00
5.8916e-01 6.1508e+00 0.0000e+00
-1.6000e+00 -4.3032e-01 1.0000e+00
-1.3275e+00 5.1426e+00 0.0000e+00
-1.9233e+00 7.3482e-01 1.0000e+00
3.3682e-01 9.1498e-01 1.0000e+00
-9.4223e-01 2.3549e-01 1.0000e+00
-2.2240e+00 1.4834e-01 1.0000e+00
4.5427e+00 -3.3358e+00 0.0000e+00
6.3330e+00 1.0267e+00 0.0000e+00
-1.4090e+00 -1.8783e+00 1.0000e+00
-1.1319e-01 5.6354e-01 1.0000e+00
5.2809e+00 -6.9280e-01 0.0000e+00
2.7136e-01 -8.8674e-01 1.0000e+00
-3.5607e-01 4.1436e-01 1.0000e+00
8.0890e-01 4.4022e-01 1.0000e+00
-4.2574e-01 5.2963e-02 1.0000e+00
5.3307e+00 1.5054e+00 0.0000e+00
4.6699e+00 1.6083e+00 0.0000e+00
-2.3233e+00 -4.2939e+00 0.0000e+00
-2.4611e+00 7.3112e-01 1.0000e+00
6.3447e+00 2.0550e+00 0.0000e+00
-4.6553e+00 1.1250e+00 0.0000e+00
-2.0237e+00 5.0282e-01 1.0000e+00
-1.1998e+00 -7.2355e-01 1.0000e+00
5.7141e-01 -1.0744e+00 1.0000e+00
2.3826e+00 4.3723e+00 0.0000e+00
5.5756e+00 -1.9540e+00 0.0000e+00
4.0385e+00 1.8191e+00 0.0000e+00
-3.9130e+00 4.6338e+00 0.0000e+00
-1.9650e+00 -7.1807e-01 1.0000e+00
-4.1221e+00 -4.5148e-01 0.0000e+00
2.6876e+00 -5.2910e+00 0.0000e+00
-9.8104e-02 -1.7953e+00 1.0000e+00
1.9732e+00 -1.6915e-01 1.0000e+00
2.7673e+00 -5.7425e+00 0.0000e+00
-4.5097e+00 2.4910e+00 0.0000e+00
3.6385e-01 -1.1510e+00 1.0000e+00
1.1196e+00 -1.2615e+00 1.0000e+00
-2.3315e+00 -4.0821e+00 0.0000e+00
-1.1233e+00 4.4541e-02 1.0000e+00
-4.8812e-01 1.2113e+00 1.0000e+00
5.7773e-01 4.0312e-01 1.0000e+00
1.5657e+00 -4.1194e-01 1.0000e+00
3.5894e-01 1.4344e-01 1.0000e+00
-3.3884e+00 2.7372e+00 0.0000e+00
3.6879e+00 1.8903e-01 0.0000e+00
1.2167e+00 2.0230e+00 1.0000e+00
-3.0916e+00 -4.0370e+00 0.0000e+00
1.5361e-01 -1.6174e-01 1.0000e+00
3.2677e+00 -3.8454e+00 0.0000e+00
1.5194e-01 2.7294e-01 1.0000e+00
1.9093e+00 4.5043e+00 0.0000e+00
2.0649e+00 5.0288e+00 0.0000e+00
-4.0703e+00 -4.1191e+00 0.0000e+00
1.3877e+00 -4.9904e+00 0.0000e+00
1.6002e+00 -5.3306e-01 1.0000e+00
-6.1454e+00 1.1287e+00 0.0000e+00
-1.5353e+00 2.4352e-01 1.0000e+00
-6.0329e-01 2.6721e+00 1.0000e+00
2.2098e+00 -4.0900e+00 0.0000e+00
-2.0013e-01 2.4289e-01 1.0000e+00
-3.2387e-01 1.8055e+00 1.0000e+00
-1.7879e+00 -5.6598e-01 1.0000e+00
5.0099e-02 -9.8702e-01 1.0000e+00
1.4502e+00 1.4149e+00 1.0000e+00
3.7324e-01 -1.3488e+00 1.0000e+00
-2.2035e+00 -2.7655e-01 1.0000e+00
3.1315e+00 -2.1500e+00 0.0000e+00
-4.7558e-01 -7.0067e-01 1.0000e+00
-1.2236e+00 -4.0380e+00 0.0000e+00
-1.5529e+00 -4.9950e+00 0.0000e+00
2.2351e+00 -5.0716e+00 0.0000e+00
-2.6495e+00 1.2578e+00 1.0000e+00
-7.0390e-02 1.3967e-02 1.0000e+00
2.0068e+00 2.3250e+00 0.0000e+00
-5.3529e-01 5.6986e+00 0.0000e+00
5.0927e+00 -2.9576e-01 0.0000e+00
4.6059e+00 -1.6942e+00 0.0000e+00
1.9096e+00 6.9898e-01 1.0000e+00
-2.1579e+00 5.1170e+00 0.0000e+00
5.0643e+00 -1.4692e+00 0.0000e+00
-1.3608e+00 -4.6798e-01 1.0000e+00
3.6359e+00 2.9373e+00 0.0000e+00
2.6680e+00 -1.4205e+00 1.0000e+00
-3.6544e+00 -4.4463e+00 0.0000e+00
-5.7707e+00 -5.0882e-01 0.0000e+00
8.2338e-01 2.0632e+00 1.0000e+00
-1.3098e+00 -1.8166e+00 1.0000e+00
4.1499e+00 -1.9727e+00 0.0000e+00
-4.6182e+00 -1.5442e+00 0.0000e+00
-4.5817e+00 9.3335e-01 0.0000e+00
1.4385e+00 -4.9375e+00 0.0000e+00
-4.6216e+00 1.1453e+00 0.0000e+00
6.4723e-01 -5.7642e-01 1.0000e+00
-2.2437e+00 -5.5387e+00 0.0000e+00
1.0194e+00 -2.8361e+00 1.0000e+00
-1.9034e+00 -4.3237e+00 0.0000e+00
-9.9155e-01 -6.7209e-01 1.0000e+00
4.3697e-01 -1.4322e+00 1.0000e+00
-5.5136e-01 3.4473e+00 0.0000e+00
1.7631e-01 -4.7393e-01 1.0000e+00
1.5289e+00 3.7043e+00 0.0000e+00
-1.2190e+00 -3.4005e-01 1.0000e+00
-9.8254e-01 -3.8481e+00 0.0000e+00
-6.1321e-01 1.1627e+00 1.0000e+00
1.6581e+00 1.7160e-01 1.0000e+00
-7.1993e-01 1.1779e+00 1.0000e+00
1.7902e+00 -3.9816e-01 1.0000e+00
-1.4256e+00 -4.9649e+00 0.0000e+00
2.1379e+00 -1.6349e+00 1.0000e+00
1.3923e+00 1.8703e-01 1.0000e+00
-4.5409e+00 -9.5399e-01 0.0000e+00
-1.0151e+00 -1.5804e+00 1.0000e+00
4.8417e+00 -1.5039e+00 0.0000e+00
9.5806e-01 4.8407e-01 1.0000e+00
-5.8877e+00 2.4485e+00 0.0000e+00
-4.5375e+00 -2.0290e+00 0.0000e+00
3.0501e-01 -2.3252e-01 1.0000e+00
1.3971e+00 -1.4532e-01 1.0000e+00
-1.8443e+00 -3.0216e+00 0.0000e+00
-5.0204e+00 -2.1200e+00 0.0000e+00
4.1537e+00 1.5747e+00 0.0000e+00
-3.2211e+00 4.0997e+00 0.0000e+00
4.3835e+00 4.9130e-01 0.0000e+00
8.3882e-01 9.8163e-01 1.0000e+00
-1.4671e+00 7.7290e-01 1.0000e+00
2.1429e+00 -4.3019e+00 0.0000e+00
3.1350e+00 -1.8724e+00 0.0000e+00
-1.7235e+00 -1.1527e+00 1.0000e+00
5.8098e-01 5.2727e+00 0.0000e+00
6.4373e-01 -3.4817e-03 1.0000e+00
-9.6595e-02 1.8024e+00 1.0000e+00
-4.0312e+00 -4.3144e+00 0.0000e+00
4.7038e+00 1.1024e+00 0.0000e+00
-1.9749e-01 -5.1848e-01 1.0000e+00
-4.0518e-01 1.3874e+00 1.0000e+00
1.2272e+00 -1.0565e+00 1.0000e+00
-3.2692e-01 1.9640e+00 1.0000e+00
-2.8052e+00 -4.4231e+00 0.0000e+00
3.1953e+00 -4.4347e+00 0.0000e+00
5.4962e-01 -5.1876e-02 1.0000e+00
-5.3331e+00 -8.4967e-01 0.0000e+00
1.3651e+00 -4.5562e+00 0.0000e+00
3.2166e-01 -8.4399e-01 1.0000e+00
3.7041e+00 4.0194e+00 0.0000e+00
6.6376e-01 -5.1140e-01 1.0000e+00
2.4234e-02 1.3631e+00 1.0000e+00
4.9122e+00 2.0745e+00 0.0000e+00
-2.6599e-01 9.3026e-01 1.0000e+00
2.6557e+00 -4.4135e+00 0.0000e+00
-1.8930e+00 8.2140e-01 1.0000e+00
-4.6397e+00 1.5027e+00 0.0000e+00
-5.0801e-03 -1.2132e-01 1.0000e+00
-3.2324e+00 3.5257e+00 0.0000e+00
-1.7458e+00 5.3457e-01 1.0000e+00
-2.5607e+00 5.3917e+00 0.0000e+00
4.4150e-01 4.1114e+00 0.0000e+00
-1.6292e-01 -3.1930e-02 1.0000e+00
5.7012e-01 -1.1379e+00 1.0000e+00
6.2836e-01 1.3382e+00 1.0000e+00
-7.3381e-02 -1.1032e-01 1.0000e+00
1.2245e+00 1.0427e+00 1.0000e+00
1.8751e+00 5.2955e+00 0.0000e+00
-1.9047e-01 4.7791e+00 0.0000e+00
-1.1979e+00 1.0020e+00 1.0000e+00
-7.8284e-01 1.2861e-01 1.0000e+00
-2.6500e+00 5.2643e+00 0.0000e+00
3.6541e+00 -1.0961e+00 0.0000e+00
-1.9271e+00 1.1810e+00 1.0000e+00
-1.7485e+00 -9.1016e-01 1.0000e+00
6.7827e-01 4.0839e+00 0.0000e+00
-3.9216e+00 -5.2434e+00 0.0000e+00
-1.7355e-01 2.4733e+00 1.0000e+00
-4.3526e-01 1.3633e+00 1.0000e+00
-1.4556e+00 1.4055e+00 1.0000e+00
-3.9227e+00 -3.9187e+00 0.0000e+00
-3.4242e-01 2.1992e-01 1.0000e+00
-6.2423e-02 -5.6749e+00 0.0000e+00
-5.5987e-01 -2.4328e-02 1.0000e+00
-1.1611e-01 -1.4396e+00 1.0000e+00
9.3322e-01 1.4751e+00 1.0000e+00
5.9923e-02 1.3565e+00 1.0000e+00
4.5149e-01 3.2020e-01 1.0000e+00
5.7565e+00 -1.0369e+00 0.0000e+00
-4.9339e-01 5.6206e+00 0.0000e+00
-2.4266e+00 -4.3133e+00 0.0000e+00
1.7575e+00 1.0490e-01 1.0000e+00
1.6245e+00 5.5540e+00 0.0000e+00
-4.2348e+00 3.4838e+00 0.0000e+00
8.4035e-01 -4.9452e-01 1.0000e+00
-7.3057e-01 1.0470e-01 1.0000e+00
-1.1105e+00 -9.8125e-01 1.0000e+00
3.7973e+00 -4.6025e+00 0.0000e+00
1.5328e-01 6.6152e-01 1.0000e+00
-6.5299e-01 -1.4181e+00 1.0000e+00
-3.2236e+00 -3.0216e+00 0.0000e+00
2.6328e+00 -4.5476e+00 0.0000e+00
-3.3634e-01 -1.3829e+00 1.0000e+00
-1.4302e-01 -5.1992e+00 0.0000e+00
2.6488e+00 4.7047e+00 0.0000e+00
-3.3864e-01 2.2636e+00 1.0000e+00
1.5164e+00 -6.5913e-01 1.0000e+00
5.1082e+00 3.3419e-01 0.0000e+00
1.6838e-01 1.3348e-01 1.0000e+00
-1.4707e+00 -1.3964e+00 1.0000e+00
-4.1430e-01 -1.0382e-01 1.0000e+00
8.2562e-01 -1.7693e+00 1.0000e+00
1.8791e+00 -3.4624e+00 0.0000e+00
3.4592e+00 5.3239e-01 0.0000e+00
8.0908e-01 1.2136e-01 1.0000e+00
-6.1847e-02 9.7618e-01 1.0000e+00
5.3848e+00 -2.2643e-03 0.0000e+00
-1.0741e+00 1.2122e-01 1.0000e+00
4.2833e+00 -2.9164e+00 0.0000e+00
-4.9149e+00 -1.9118e+00 0.0000e+00
-1.5011e+00 -6.6952e-01 1.0000e+00
-2.1203e-01 -5.1956e+00 0.0000e+00
-1.9938e+00 -1.3570e-01 1.0000e+00
4.2196e+00 -1.6799e+00 0.0000e+00
4.0374e-01 2.0790e+00 1.0000e+00
2.0756e-01 8.6026e-01 1.0000e+00
3.9784e-01 2.9990e+00 1.0000e+00
1.3837e+00 1.8091e+00 1.0000e+00
-4.9497e+00 -1.9976e+00 0.0000e+00
1.4737e+00 -4.6929e+00 0.0000e+00
1.3413e-01 -1.7150e+00 1.0000e+00
1.7051e+00 -3.5381e+00 0.0000e+00
-3.6983e-03 8.1341e-01 1.0000e+00
-6.0874e-01 3.7184e-01 1.0000e+00
