1.20444229225432    3.57611414812884    0
0.158709903982554    -1.48217090036834    0
0.0952471960450205    -1.27995532765318    0
0.349178474639659    -2.06437997499018    0
0.694150378460910    2.88910877909986    0
1.62065037903814    -4.03512400373959    0
1.53856224988513    3.24255517875712    0
0.0363085640649736    -0.853952855125518    0
0.474591108662160    2.47793819808314    0
0.165695827754130    1.81117216245238    0
1.66446248836748    3.45270042265201    0
0.840285720377346    -3.44017637739684    0
0.261695162719781    2.10549647202377    0
0.231614896123326    1.81380501462610    0
1.58013019520124    3.30267114388237    0
0.00635509949945096    0.418131769061616    0
0.680610418627665    3.09636433646599    0
0.121400432003562    1.33096003574915    0
1.13281261352165    3.78708832955769    0
1.61505892364598    3.67113005390077    0
0.166454441389262    1.77614048171036    0
1.72438241448903    2.76152023394892    0
1.88667245784008    3.25544107561463    0
1.72327227347907    3.46859174324165    0
1.54661331649126    2.48644177266238    0
0.984590399987697    3.77377130269805    0
1.45313344979392    3.60609973764407    0
0.749043388033423    3.11254032051788    0
1.45048341398350    3.57519058702159    0
1.64287864640810    2.61610253227667    0
1.28141487477373    3.71658381790465    0
1.59574104204183    3.70508842254515    0
1.46298293757335    3.83692687813099    0
1.46629048072843    4.03764347048151    0
1.54348960968905    3.66278003656842    0
1.57013416429807    2.58286652586799    0
1.22995403759759    3.46644212676571    0
1.31142345411607    1.81009585877178    0
-1.99364552778449    -1.49385116625701    0
0.394564752091749    0.415245354029958    0
1.51715449218370    2.27195929144179    0
1.69169139036118    3.36955063208641    0
1.74186685508505    3.12091873948588    0
-2.91373381641079    -1.81920100352539    0
0.752150897716888    0.892965441918618    0
1.68537303051839    2.58295944194262    0
0.371160238458855    0.390987436037064    0
-3.73033884254974    -1.63847358417845    0
0.352484079813873    0.358745593850307    0
-1.48694205849104    -1.20025645190856    0
-0.745290415600761    -0.662747681841342    0
0.563807442400801    0.631091667038769    0
1.27093178968115    1.91148705259978    0
0.535133607431793    0.561807625923046    0
-0.171330374616821    -0.164789940123032    0
-2.50197293430810    -1.67941724563734    0
-2.63275448307701    -1.52497835390292    0
-3.15561549613657    -1.68684842071463    0
-2.11022490200191    -1.45714301232077    0
-3.51303562906869    -1.77895038317662    0
-0.0352018155402369    -0.0348915964756677    0
-3.99843114181838    -1.52257925612783    0
-3.08095445057137    -1.66776383259536    0
-1.79023024239925    -1.34036664540652    0
-3.37520543959256    -1.71311209997971    0
-2.38578574713053    -1.51851548989795    0
-3.54741267468052    -1.13514716617292    0
-2.92344384284494    -0.642637842745769    0
-1.01009704503210    -0.0683366271163026    0
-0.302185837566269    -0.292017073759919    0
-0.147947198813012    -0.141218116077651    0
-2.41113497815754    -1.50670573646801    0
-3.52065970196552    -1.52995706776713    0
-3.09762480305451    -0.794385720379503    0
-3.86453573584427    -1.39958851607886    0
0.0346287901545725    0.0356093081279515    0
-3.81297733180848    -1.79730878102004    0
-2.54941164349809    -0.511392884135197    0
-3.61833546484695    -1.12667181744545    0
-2.31720967849803    -0.421185478615747    0
-3.85843301222356    -1.45669049578948    0
-3.77182528260820    -1.33847131715490    0
-3.22643424331940    -0.816479131687254    0
-2.49748107037414    -0.473790481276472    0
-2.94157976387336    -0.639753507030584    0
-2.91391858691089    -0.634286373676877    0
-3.70623964348920    -1.38061641114639    0
-1.95265709354551    -0.257794857700895    0
-2.66020433938844    -0.447701819258182    0
0.817304141138508    -0.0412904131261225    0
1.21768511762674    -0.0976752768236262    0
-1.66246174540949    -0.178618154132253    0
-2.75111410813863    -0.567541670968297    0
-3.31873700527140    -0.813740301041873    0
-0.214063181764216    -0.00263923557822202    0
-1.09902221958978    -0.0725097027945168    0
-1.94767785410784    -0.263437687088446    0
-0.499991013628242    -0.0206478223148580    0
-2.52618506879869    -0.403305714642634    0
1.96360772777727    -0.238704899206586    0
-1.02715842858873    -0.0951626956559304    0
3.03248340794889    -0.798991812624053    0
1.51559026908440    -0.166006987794491    0
2.21864282846411    -0.364406026387513    0
-2.40385821013848    -0.386024370190217    0
2.00630520800945    -0.220189573604671    0
3.17911628257577    -0.775370338544424    0
-1.45188351081128    -0.122170581689272    0
1.21496393046182    -0.0842420755716973    0
2.04613300536967    -0.298099360827213    0
-1.62182613983741    -0.196869701873480    0
3.17993199838880    -0.753075017337920    0
3.96799187572441    -1.46831842121528    0
0.329897727985084    -0.00955610600497618    0
4.07816587564462    -1.20211121563516    0
-0.317566012459600    -0.00960546772849924    0
3.31129112974337    -0.810882919769859    0
-0.952809385790730    -0.0568346353452893    0
3.03768998385260    -1.67347742477347    0
3.55052991565923    -1.40460973801992    0
3.55990774781066    -1.12343152148793    0
2.33663284705661    -0.404122779092930    0
2.31352433351351    -1.57164754707955    0
0.279495212358480    -0.260933943611245    0
0.151862546643419    -0.000262404061322211    0
1.96155941018625    -1.44902115056343    0
0.547353260154380    -0.490044260422152    0
3.49044034427921    -1.85263114844078    0
2.72566041897308    -0.541699194525338    0
2.13606507522217    -1.53914207163130    0
3.67042247697409    -1.68871376996483    0
3.92260947403589    -1.48674074469643    0
3.08862030812037    -0.797674459451680    0
1.92948433073308    -1.39073588967352    0
1.38946994980023    -1.14367530523236    0
3.51428218117474    -1.57393833972104    0
1.13035696163438    -0.887426686052906    0
3.33545460211765    -1.21102011349875    0
0.00915905230274187    -0.00858734619944527    0
1.68097253671383    -1.19452166779175    0
2.30710970529831    -1.53428360008836    0
2.21404831720351    -1.57898433026511    0
-0.531842726300131    0.580732218312339    0
-0.345874828927039    0.371643283656051    0
-0.0983826600790430    0.0998470126551848    0
0.655029427910840    -0.586327973188422    0
0.583612433256497    -0.526306388344561    0
-0.768172853734812    0.887962668346417    0
-0.0552725703166416    0.0564689691905440    0
-1.25961956325636    1.59318261841740    0
0.942805935954027    -0.825136845106399    0
3.77681530692978    -1.20845749880716    0
-1.70922457764964    2.78336582247807    0
-1.08169516913648    3.43105606657818    0
-1.40307038733237    1.88901132867463    0
-0.643634518984938    0.717082697908367    0
-0.632543453714377    0.716776954688393    0
-0.853713550304598    1.00558708929704    0
-1.22772525760644    1.57888937816600    0
0.950740230555995    -0.797008734008340    0
-0.597375125455427    0.658892564458029    0
0.501933176032994    -0.471381742442148    0
-1.88988467174546    3.06914836864273    0
-1.23602220160376    1.64172116597831    0
-1.74861599764983    3.43138378143643    0
-1.48828262056845    2.22472259773876    0
-1.27810420551339    3.59356304929378    0
-1.99338360919190    3.82338186037745    0
-0.0680758370742393    0.978172883296824    0
1.07968240916262    -0.908628545258026    0
-1.49733014480148    2.16232644840575    0
-1.02248496669438    3.55191555794588    0
-0.0688068626510153    -1.13111935660291    0
-1.77284296507727    3.41399523701631    0
-1.42903598706911    3.33509091887826    0
-1.63191608029573    3.43837534796745    0
-0.157413452849009    1.35204653250210    0
-1.69732958872154    3.76053346773751    0
-0.720691107223538    3.30301664976585    0
-1.49836618383468    3.55267433170277    0
-1.53285135456219    2.37056807869320    0
-0.783079288737560    3.18484539615188    0
-0.565545944701127    2.98100485891163    0
-0.00428247557298129    0.310265302085841    0
-0.954816172255219    3.33480740968484    0
-1.43027298987651    3.74789034063284    0
-0.199139038679724    1.75698786069614    0
-0.393228458297179    2.41233914922214    0
-0.313917578970432    2.26160198166927    0
-0.555629382735979    2.84308752935437    0
-0.0561729204316234    -0.808464255628899    0
-0.0584257606322271    0.797601217582119    0
-0.807036999743524    -3.16602300565781    0
-0.186016878522522    -1.73923341438668    0
-0.00965590226474059    -0.303300460386151    0
-1.52664557942830    3.51448928712041    0
-0.0232543322870442    -0.448211449787429    0
-0.0211665123674634    -0.680222538618364    0
-0.237912886998553    -1.89461587215129    0
-0.585846410135846    -3.09125993895062    0
-1.07049580722295    3.68252460958007    1
-0.00232905993702410    -0.248775164564117    1
-0.0927980849018454    -1.11264583304325    1
-0.924081181293044    -3.31287148820352    1
-0.0427415411276539    0.983064900552831    1
-0.0788306155852185    -1.06200551659290    1
-1.35471230396946    3.64306307396338    1
-0.0964506800536471    1.23598454493883    1
-0.488903965490349    -2.48635569170642    1
-1.40428144728163    -3.96546091038090    1
-0.103032194056002    -1.30407632699054    1
-1.76823043340512    -2.80700115146641    1
-1.81435330626152    -3.17916298524843    1
-0.403453231271305    -2.34899615736897    1
-1.13007684447183    3.86016045830044    1
-0.330143778362865    2.31046192373613    1
-0.103592947679364    -1.40325114504461    1
-1.62823989738401    -3.22048585075333    1
-1.27072988018684    -3.80050197275106    1
-0.324165040897571    2.25857585053674    1
-0.831515612875759    -3.30857362318070    1
-1.15541549593479    -1.58359846820065    1
-0.881319473732966    -3.47513221937144    1
-0.514135966924001    -2.68758874609768    1
-0.341907952728724    -0.355711875763304    1
-1.50008473522659    -3.74431790262311    1
-1.09546543447338    -3.66810700543300    1
-1.71840631541329    -3.36824403027848    1
-1.68448953477692    -3.76359365880479    1
-1.23608462118048    -3.41537450660689    1
-0.806782295404125    -0.976623414990791    1
-1.06026702721261    -1.29100567668764    1
-1.25449645547853    -1.65608597631044    1
-1.71040125264120    -3.32409572120821    1
-0.454245597588866    -0.496630820961650    1
-1.78717498913456    -3.14165698477746    1
-1.26536724596796    -1.71322196760580    1
-0.293821146084774    -0.305909111021386    1
-0.404645730453616    -0.446777004903826    1
2.03128628507446    1.45931377697454    1
-1.02564464605995    -1.22812034328814    1
-1.07882286976303    -3.69037211543306    1
-1.48728331385023    -3.47057693621255    1
1.52973464284723    1.15856433144199    1
-1.39893030032008    -2.03606085504271    1
-0.367322611467012    -0.385511111037630    1
-1.53385549145203    -2.62194406401765    1
1.75371064112956    1.34798304338905    1
-1.15897743257729    -1.51195709409881    1
2.94968569147169    1.73829518104548    1
-1.38165997156150    -1.79547235077133    1
2.41200118230146    1.54317461928581    1
1.48331333296555    1.10954959738753    1
-1.29300069920576    -1.64931941080934    1
3.02838862090392    1.75797431534158    1
-1.14374793637670    -1.47251062689446    1
-1.06870635642251    -1.28986402419595    1
2.70728745518029    1.67620530961303    1
-0.229022863372175    -0.239669870243864    1
0.180385877070924    0.180650988225349    1
0.787999977285485    0.691778881256236    1
-0.165291432258602    -0.182942022447497    1
3.73979818209420    1.63134903735626    1
3.48775653284796    1.82884976566204    1
2.08377776060822    1.43428651255457    1
2.36553486816999    1.60094812436612    1
3.47039368503092    1.75230667634730    1
2.42914859112563    0.464326857035380    1
3.90210781338067    1.43351616573494    1
2.03812321628085    1.43138440655654    1
4.04388428652282    1.42782215410988    1
3.15341019225760    1.73492674454330    1
3.09441730750236    1.70395009211027    1
1.00077505455224    0.0747685370065541    1
3.22109076545969    1.82710034402662    1
3.03895157434758    1.70923866794273    1
-0.110566174112340    -0.111868339647407    1
1.45338553487190    1.14112185323061    1
3.42704770080749    0.982679505714348    1
3.16377424668887    1.69883486495499    1
3.06435278975830    0.733791652698533    1
2.97153033955192    1.80316095026673    1
3.66817241864587    1.81840952810209    1
1.81576373021856    0.285892702643198    1
-0.652056092069539    0.0109388889861921    1
2.39565435759382    0.340608543844492    1
-0.0183495473742991    -8.22267713004853e-05    1
-1.85426248157046    0.209582869108033    1
-0.0755084588862854    -0.000352827718841083    1
3.68327360434495    1.47413722127367    1
3.01854545315703    0.619443662398261    1
0.667169560364212    0.0264445438331939    1
3.21959503832817    0.763859684312772    1
0.671420203072010    0.0295005667416646    1
3.62660797745160    1.68281772660056    1
3.41692475157923    0.940761146982907    1
-0.499555802409183    0.00924913181897155    1
2.82564692440524    1.61411622918566    1
3.67261725346255    1.04594113147127    1
0.788007166869116    0.0345145694066337    1
3.86155325152946    1.49077794319702    1
-0.285587710363126    0.000729051824552411    1
2.28420287474569    0.352475533758999    1
0.281396649862169    0.0100877526946083    1
0.313503543679269    0.00427419190533671    1
-1.43368357843319    0.131839708231521    1
0.957195160403648    0.0414122283245850    1
-1.85436895917120    0.191933664732223    1
0.381805817381323    0.00739039595309048    1
-2.78967629582411    0.646626878720702    1
-3.28548805664194    1.67303450651240    1
-2.22349866192160    0.421369487498106    1
-2.78061591450554    0.556612528767240    1
0.826303188030701    0.0442761984992547    1
-3.72885114744768    1.29232911835448    1
-1.23292968350794    0.0728430003305621    1
-0.958935652494232    0.0619710136524990    1
-3.85811062122530    1.42351447943218    1
-3.59301074385591    1.08735727799830    1
-3.19689248118453    1.72484189854934    1
-2.12766839191674    1.38667445291337    1
-2.96424869661036    0.590891086274084    1
-3.60274153695079    1.29900039283834    1
-1.17472895884173    0.965871130117410    1
-2.58752093891944    1.56881568578735    1
-3.16293962418059    1.76930016994884    1
-1.72757866718760    1.29792182512982    1
-3.45341212709472    0.984995599944007    1
-2.81273166332288    1.69277813640608    1
-1.03553264660576    0.893630841099917    1
-0.315675589769189    0.306091085885457    1
-3.70141040778559    1.14596763147663    1
-4.21189811230250    1.91549748067350    1
-2.46094976928071    1.57524026115977    1
-3.43569797474824    1.66266664522586    1
-3.34469057825500    1.59850516038967    1
-1.38193634626734    1.10993370156133    1
-3.17949403113004    1.67500494907097    1
-2.42119633236570    0.525296991993610    1
-1.33643509020955    1.03566638476745    1
-3.06299272427516    1.74435924867029    1
-3.56504553224771    1.81971220550437    1
-3.34451074530236    1.11128726441285    1
0.777655270429898    -0.889501085637160    1
-2.98030710433032    0.666069450503194    1
-3.55225078355202    1.26100476275705    1
-1.82974404265903    1.36655851738050    1
1.46532815826960    -2.08468516333716    1
1.56688198240729    -2.38718333739072    1
-2.96543364228287    1.66924895739352    1
-0.960755845457700    0.849203267907991    1
-3.37890943477914    1.72895893021848    1
1.47135345333512    -2.25643833404671    1
-3.02829566312604    1.69824961714748    1
0.00750982262357930    -0.00763165462377345    1
1.79730919209686    -3.09272025538706    1
0.391077683173951    -0.409952810009991    1
1.63881068846801    -3.79499252460822    1
-0.884278417586475    0.761286324450262    1
1.56546134627467    -2.30558736712985    1
1.59529238952229    -3.03467556495307    1
1.27139537211521    -1.61502124735284    1
1.40701976836287    -3.90266393606616    1
1.58125802146043    -2.90841128871438    1
-1.72159327356056    1.31250839202650    1
0.568722722029847    2.59847860238576    1
1.60960641088236    -3.50186706781348    1
1.70849760573327    -2.96039128912551    1
0.0377494361309023    -0.0360098795067210    1
1.77885146575279    -3.27807629010225    1
1.57017559762756    -2.34587604901483    1
1.31626220562793    -3.56919962434888    1
1.45580658853358    -3.51991587792477    1
0.0995670227225109    -1.23848616343294    1
1.49806312185195    -3.47814659203703    1
1.19805865705706    -3.65480563788526    1
1.30759534390585    -3.82629239495884    1
1.69066279427864    -3.80826363831204    1
1.54457757848005    -3.56242007751163    1
0.336164301559483    -2.44646388765055    1
0.471520896108959    -2.51865217461472    1
1.79332636519943    -3.70032291715190    1
1.75802645185042    -2.98399233761023    1
1.11059509973875    -3.49686963438132    1
0.0225410297779569    -0.488897726181794    1
1.03402966062110    -3.76272063670682    1
0.146010384902218    1.42253749820108    1
1.50301824351548    -3.69488964288500    1
0.529563078231092    -2.79391432194152    1
0.723526086007998    -0.853390853301027    1
1.24444150826478    -3.97467896856257    1
0.711308694800484    -3.03195393040919    1
0.0365824426836082    -0.720267165616020    1
0.596719268268771    2.87171159735632    1
0.177160217746027    -1.53928238607585    1
0.450367941016212    2.40812143106714    1
0.0375726453489195    0.891600978829599    1
0.213641163678618    1.73201591291348    1
0.324386892857029    -2.11632466325067    1
0.730780825000751    3.06832920818765    1
